39 48 
39 41 
41 48 
38 39 
38 48 
32 39 
32 48 
38 41 
32 41 
38 170 
36 38 
32 38 
38 110 
39 89 
39 170 
48 89 
39 310 
39 65 
39 1327 
48 65 
36 39 
39 237 
39 225 
48 310 
39 475 
48 1327 
48 475 
48 237 
48 170 
39 110 
41 65 
39 1146 
39 438 
48 225 
41 225 
41 170 
36 48 
39 271 
39 2238 
41 310 
39 101 
48 110 
48 101 
39 255 
36 41 
48 255 
48 438 
39 79 
39 60 
48 1146 
41 89 
39 147 
39 270 
41 110 
38 286 
37 38 
41 1327 
48 147 
48 271 
39 604 
48 2238 
39 533 
48 79 
39 185 
48 270 
48 60 
48 185 
9 39 
48 49 
48 533 
9 48 
48 592 
48 604 
39 592 
48 123 
48 78 
38 371 
48 338 
39 740 
32 65 
39 1344 
39 413 
39 78 
39 123 
39 49 
48 413 
38 89 
39 301 
39 1393 
39 338 
39 783 
38 225 
32 225 
270 271 
39 249 
37 39 
48 201 
39 201 
39 589 
32 89 
38 65 
39 286 
38 55 
48 258 
48 117 
48 2958 
39 548 
39 677 
48 677 
48 301 
48 548 
38 237 
48 783 
39 179 
39 389 
39 258 
39 522 
48 249 
39 264 
39 824 
48 824 
48 1004 
39 117 
38 105 
39 1578 
48 1393 
48 179 
48 522 
39 161 
48 589 
19 39 
39 12925 
39 1004 
39 156 
19 48 
39 956 
39 2958 
37 48 
32 237 
39 479 
32 170 
39 103 
39 242 
48 286 
39 570 
48 12925 
32 310 
48 229 
39 76 
39 14098 
39 45 
39 544 
39 371 
48 3270 
39 3270 
48 264 
31 39 
39 175 
48 14098 
48 956 
41 475 
39 13041 
41 271 
38 790 
48 13041 
48 1135 
48 549 
48 405 
32 36 
38 56 
39 10515 
48 10515 
41 2238 
18 39 
39 334 
41 237 
48 161 
48 175 
48 544 
41 1146 
39 229 
48 570 
39 549 
48 479 
23 39 
39 15832 
48 740 
48 15832 
39 806 
39 976 
39 664 
39 649 
48 703 
48 76 
45 48 
31 48 
39 405 
11 39 
48 766 
39 16010 
48 16010 
16010 16011 
48 1578 
39 766 
48 156 
32 271 
41 270 
41 79 
39 812 
41 16010 
39 272 
48 976 
39 1814 
39 703 
11 48 
41 101 
48 107 
48 649 
48 812 
32 475 
18 48 
39 1600 
39 1435 
39 12929 
39 16217 
39 789 
48 16217 
39 1135 
10 39 
32 110 
48 1814 
39 105 
39 55 
39 269 
48 1600 
48 772 
48 334 
39 41 48 
32 39 48 
38 39 48 
38 39 41 
32 39 41 
38 41 48 
32 41 48 
38 39 170 
36 38 39 
32 38 39 
39 48 89 
32 38 48 
39 48 65 
38 48 170 
38 39 110 
39 48 310 
32 38 41 
39 48 1327 
38 41 170 
36 38 48 
39 48 225 
39 41 225 
39 41 65 
39 48 170 
39 48 475 
38 48 110 
39 48 237 
36 38 41 
41 48 65 
39 41 170 
38 41 110 
36 39 48 
39 41 310 
39 48 110 
39 48 255 
39 48 101 
39 48 271 
39 48 2238 
39 48 438 
39 48 270 
39 48 147 
39 48 1146 
39 48 79 
39 48 60 
37 38 39 
38 39 286 
39 48 533 
39 48 78 
39 48 413 
39 48 49 
38 39 225 
39 48 185 
38 48 89 
38 39 89 
37 38 48 
32 48 89 
39 48 604 
9 39 48 
32 38 170 
39 48 592 
38 48 286 
38 39 371 
32 39 89 
36 39 41 
39 41 89 
39 48 338 
41 48 225 
39 48 13041 
41 48 89 
39 48 123 
38 39 237 
39 48 249 
39 48 1393 
39 48 2958 
32 39 65 
38 39 65 
41 48 310 
39 48 12925 
32 36 38 
32 48 65 
39 41 110 
39 48 14098 
39 270 271 
39 48 824 
39 48 16010 
41 48 170 
39 41 475 
39 48 548 
32 39 225 
39 48 301 
39 41 2238 
39 48 258 
39 41 237 
39 48 286 
39 48 179 
39 41 271 
39 48 16217 
39 48 201 
38 39 105 
39 48 677 
39 48 589 
32 38 110 
38 39 41 48 
32 39 41 48 
32 38 39 48 
38 39 48 170 
32 38 39 41 
38 39 41 170 
36 38 39 48 
38 39 48 110 
36 38 39 41 
32 38 41 48 
39 41 48 65 
39 41 48 89 
38 39 48 89 
38 39 41 110 
38 41 48 170 
39 41 48 310 
32 39 48 89 
39 41 48 225 
38 39 48 286 
32 38 39 41 48 
